[63.44332701 63.78104427 70.94104445 63.03903791 37.10778993 51.0881781
 78.98679143 36.34630921 75.27489865 61.78106591 37.82189563 73.83407575
 64.22612309 60.90850767 59.33058554 53.81422672 53.80576047 85.98317546
 36.73294899 69.45801613 33.11764427 62.62656212 89.29941112 52.23501468
 62.34601396 68.85925102 59.91763169 58.30728823 57.59695041 48.63147783
 57.00999811 60.23544729 50.45865697 62.35942018 51.44939917 52.95542812
 77.57407886 40.94427228 57.13615113 50.3844735  45.5155507  45.04166269
 55.09510151 57.67781302 74.11460194 61.04727221 55.06030205 67.98364174
 34.26486722 59.58857435 82.35911596 28.58272676 79.09581828 56.41571173
 32.72373231 47.02237636 33.72907978 76.11509746 55.34818229 45.81924924
 73.69246584 53.57170478 58.119717   52.6767669  54.08481306 54.6993745
 52.9741537  54.71307024 62.17804688 50.65720037 62.90302092 85.71944797
 57.48757213 46.81620535 61.27537358 56.6691719  52.28876933 54.09609672
 83.96594912 79.23075104 80.32471752 34.71553995 75.75876844 70.12053964
 58.76882631 52.65826297 50.50503761 48.47847843 55.60074392 36.54201922
 30.2441043  36.92916317 62.30847096 50.41798705 35.74415162 52.36154109
 44.56674835 26.17708254 33.76969379 45.10985589 50.21230525 52.12351584
 50.16751003 50.58087638 28.0464631  49.41336939 51.12174156 45.56325918
 62.9231562  50.40264398 54.69084036 53.83594742 58.63039124 57.02591026
 59.36122975 47.77756929 33.99816257 68.47340995 39.73672035 52.04819223
 51.61555919 48.56204265 52.60221204 47.72810766 54.01835704 49.97895041
 50.96813715 47.72831932 51.10613891 55.29174998 70.96619758 54.67724445
 50.0406222  45.05674019]