[55.94179776 62.03051859 61.48859912 55.79675943 36.42401895 45.11409101
 71.46422237 42.56180805 67.28103137 57.73403168 38.33241212 66.04109007
 67.79556534 58.30299321 57.56043375 53.447249   56.21978408 81.66949248
 33.13872002 78.03193492 31.84141493 57.54283234 75.83623457 52.19889736
 55.84650061 54.65890226 44.80248132 45.8368187  37.28165543 36.0762011
 46.26326779 51.42705548 37.09642141 52.81080312 44.0880242  45.80601674
 68.83691132 47.69343001 50.61269468 42.83206892 42.58957893 43.43598965
 55.9017089  62.94847107 63.38466233 48.61363682 34.13408372 65.48216224
 25.73890251 49.97217742 87.6662727  29.3933726  87.32471168 57.36507517
 30.22751425 50.37549609 32.1445424  91.65637344 53.66833177 46.95421711
 75.79021335 55.20763865 46.97673851 56.18418393 54.196246   59.43753776
 55.06093901 58.73826995 70.99535421 53.02060422 71.74430728 89.89853364
 55.50328028 51.55557466 60.1649079  48.6351279  56.50537804 57.71878245
 75.54611996 79.40558296 80.58106899 47.42945293 78.65339315 67.88811696
 58.54701072 56.00702778 47.69465801 48.58850765 59.34006214 39.66887859
 26.54571258 38.68328202 62.26675475 55.26029509 35.1127765  50.40265796
 44.44499618 26.41180515 38.44119737 50.47298169 55.04276654 48.42451212
 53.24293897 49.76630393 27.82354231 59.02815494 56.04392782 48.98475581
 67.31275982 54.35286552 55.2237345  54.88611308 63.02521238 52.01555726
 55.10560244 47.99880382 34.24886023 63.38952243 34.93242255 52.56883228
 52.45670247 49.04558498 52.52564645 46.25977346 51.833545   52.6082063
 52.82183719 46.32452825 54.75442904 57.09458268 70.27904609 54.86453015
 52.48363271 47.15277448]