[60.35816589 62.18048492 75.60132027 62.46977887 41.59007096 43.02899894
 73.46918663 39.50406438 74.37532231 59.73228884 36.53820442 54.74729463
 57.50484806 53.37806541 54.01106289 55.37100121 57.07489866 79.57178092
 39.74104632 74.73788121 28.18355435 66.15567988 88.66350037 59.10054532
 67.07429728 64.52315247 58.74475342 57.54947355 48.42382723 35.5425432
 55.17225614 56.92633605 35.32610388 68.02372861 48.88154152 61.61727604
 61.28972626 38.06509447 57.20442021 53.98334193 49.26445735 44.70828637
 55.38415384 51.74429801 79.81323659 59.25748831 43.95738247 63.76921749
 35.19751182 51.75305179 61.82700527 24.72761369 76.1803754  50.41940275
 37.38024923 46.14690086 35.05103582 68.86882147 55.41583437 39.84485266
 67.81389356 53.45986649 43.71410176 60.31446689 52.69506717 56.56852943
 56.30700237 57.73126817 64.55109307 50.15395805 59.25869635 88.2528556
 49.99907371 42.63186422 63.53365624 52.81497034 46.48749146 58.14271763
 84.59261888 76.9342345  78.1615563  31.94780406 77.76265445 70.0998193
 65.1958195  53.90519291 54.43864414 53.27354124 58.15884742 43.37226519
 25.58448341 39.97474161 64.44374549 49.03498819 40.6565398  58.5415436
 47.64720911 20.00354552 39.04897583 48.22679338 52.2534647  45.86022866
 41.1977644  52.92254156 32.31330219 56.73097947 56.07582399 53.30918533
 63.72200021 52.83532527 62.37896642 61.46473789 67.29565161 57.30955938
 56.17138273 48.94922954 38.30902413 61.7610704  41.53276807 56.11309344
 57.87950331 55.76881084 61.73926982 51.87203246 52.35465428 59.03672901
 62.19532081 54.90426159 54.35997996 63.41369116 69.1499407  61.30279902
 63.13607225 54.31359532]