[ 46.19970506  64.23232302  64.19113794  57.57273975  51.59390238
  73.26850671  63.83521026  55.13772425  64.80029216  57.09454474
  42.0869596   46.7447215   54.22501525  49.7338886   47.28679073
  47.48171002  51.64440432 102.21546066  25.49633764  65.59842932
  28.7590922   79.05613077  57.65998599  48.72959241  53.70954281
  65.75659233  57.67674276  56.79247156  44.98834732  55.95020011
  55.43400684  54.09947923  49.57957134  50.4606058   54.14620131
  57.26654726  76.16138226  33.6835248   57.86071384  53.74026889
  36.54088806  45.83460829  63.54982796  73.88119119  79.86359477
  43.51870126  51.52904975  69.37187609  31.99011432  55.40635777
  73.69085047  31.28231038  72.51481333  47.68271142  39.21366024
  61.38877332  25.20761476  59.08423382  47.23885661  51.03175977
  53.89339408  55.70362875  52.39933369  54.1377131   55.41088241
  61.13702837  61.21806669  54.11725035  52.88410401  53.21262822
  69.56920147  59.75735211  60.43575183  36.69482993  44.70269546
  54.85842207  54.43597648  62.03165475  73.05444852  60.83993909
  67.72827068  44.34998456  64.05185625  76.91544104  54.60894543
  58.96859571  45.26750773  46.37721065  66.27951467  33.07623754
  30.12700956  39.89508104  62.60326996  41.58818004  32.62129575
  62.58576041  40.13884696  29.74786061  26.83202037  41.04331335
  57.69051239  55.76322791  60.10505915  51.19347301  25.81374191
  42.00796995  46.82918227  49.58375254  54.24103522  47.79164642
  67.76599938  65.94880003  57.3753345   42.58295569  69.52707392
  45.16115454  45.30804187  67.35564214  37.00805099  55.52582565
  60.39403561  42.2758387   59.15522647  58.59125084  70.64649305
  47.22294846  46.90247518  38.21222541  42.57202545  69.59847191
  70.03823137  52.68795472  51.58747482  41.01592585]