[59.87115321 63.0565255  67.54063556 60.75760287 41.38779363 48.07522365
 59.54224762 44.93051529 69.56780574 64.34982011 42.15881684 59.22114536
 64.32345495 60.86024809 56.05944061 52.83715031 61.04435295 89.91280246
 33.97016007 82.54171526 35.79503395 61.17099717 65.47475627 53.56852195
 59.28858179 51.76524797 45.4473016  51.59364679 39.25214371 37.53651732
 50.36215577 55.98628548 42.46109569 46.72693041 51.70787519 47.74166363
 70.21473059 40.49469677 54.07977524 45.66676301 48.27966747 43.03828585
 54.99959469 59.13270906 62.14355093 56.2710987  42.78746939 65.66841161
 36.94737758 56.9587394  83.34714657 31.99844977 85.98543578 51.78346038
 28.22803408 47.36914092 31.87782277 77.21062541 54.19959056 43.33712029
 66.19444489 53.30287957 46.87389562 59.54894274 58.43624669 58.81694812
 55.68525061 54.25227097 58.4427042  37.0819619  61.59092486 82.3657971
 53.21094495 42.65295196 53.35296419 50.82117993 52.28408095 54.24512058
 72.83693793 77.90356749 77.18572187 38.9511947  68.6540764  63.64714783
 50.07695717 51.45608032 45.06838328 46.65020108 50.86779019 34.59293815
 26.5327736  34.05496627 64.42332467 50.20160264 28.9993618  49.79551646
 46.22126803 26.86175206 32.22258459 50.21199575 53.28162611 45.94288236
 49.69285128 48.50716782 22.21048161 50.85519865 51.80852166 45.04018709
 61.08538827 48.35104549 51.93628007 50.6249288  63.91019243 53.98790851
 53.57546467 43.8441225  30.8790566  66.40800989 38.33482021 51.28535172
 48.73774517 46.85216892 51.7421495  42.29342613 53.58732539 47.54206595
 50.400168   44.02107298 54.45703226 56.93370408 74.22717503 54.78454611
 48.329808   45.68527094]