[63.67362881 64.32399207 71.39448169 63.36083704 35.25496946 49.54470798
 79.51052445 33.97885993 75.4768585  61.34042189 37.82350302 73.77541906
 65.08794078 61.93459246 59.60839215 54.31342161 52.39521638 86.46910191
 35.86052054 71.00625449 29.72993574 64.86077589 89.01530474 52.15974298
 65.33500934 68.56964558 58.53114849 57.98460054 60.73238984 50.34570649
 56.58601302 60.62984046 49.63068828 61.32291433 53.16409507 53.47178912
 77.88711423 40.19797489 58.56654298 50.87393621 44.87745151 44.30971998
 56.25228128 59.48385051 72.85395229 61.31534263 50.62648827 67.09359792
 34.426861   68.41677997 80.20663738 32.43449527 81.77802014 56.23814225
 33.70730816 45.80067742 35.50523882 76.96079135 55.30330122 44.76930124
 74.49917707 54.0543226  59.67973223 53.33597979 54.61324644 54.44105223
 52.87159234 54.89647225 62.44033071 50.03706798 62.95854869 84.47459865
 58.5192039  50.64429134 60.45720297 57.47096512 52.36324632 54.54819214
 82.83544201 77.9434427  80.66743666 35.87201387 74.70184976 68.86119586
 59.13980553 54.64325967 49.72655451 48.71797729 55.35742328 37.76800919
 36.30295965 36.58842482 61.37139356 50.44870114 36.36505775 51.70861
 45.09424725 27.81951286 30.85183384 46.96474999 49.8958115  52.5949119
 50.81710255 50.94121489 25.70488878 49.34814936 50.8866176  45.43442252
 63.76821113 50.72673339 54.37302876 54.12113205 57.68699411 55.39915547
 59.09444523 48.33012947 36.55006614 67.53725106 39.91517639 51.71916285
 50.73992196 48.85581732 53.30181929 48.69153824 54.62268111 49.57859293
 51.5986267  47.32813355 52.24782586 54.62943614 72.99502507 54.34200716
 48.14187136 44.93858218]