[65.64556473 64.67848808 71.56705928 64.23862478 38.63315946 53.82942203
 80.71945614 39.477837   75.49991703 62.78821546 38.68996316 75.40893286
 65.2914561  61.92246017 60.17934445 53.8248814  53.96282327 85.32975715
 36.51773867 71.4715265  32.7421404  63.79682463 91.111974   52.64634234
 62.7849288  70.74684399 59.65857062 58.89780474 59.07120299 50.76579392
 59.18291748 61.12495798 50.70215732 62.57092452 52.29301244 54.2189531
 78.81222707 41.78144202 57.18907315 50.78043613 46.81062841 45.7030181
 55.47798538 58.58134893 73.92072695 62.93940181 54.90388221 67.65269747
 35.68700048 59.74463677 78.12630957 30.74945718 78.80652434 57.35981771
 33.49340472 50.47417176 35.22068617 75.21822274 55.6362063  45.73598254
 69.86123496 54.65853685 58.72547475 53.14354247 54.34114257 54.62501132
 54.00143653 54.90261427 63.3593255  51.70878172 64.57297552 86.62482488
 58.30867198 47.53284493 61.80639476 55.58809847 52.67931876 55.02391118
 84.08927274 78.57423776 81.97435713 38.10544291 74.81227833 69.83680665
 58.69680333 55.78544581 51.38279539 48.9122057  55.9402962  37.24655846
 32.76925534 37.13902718 62.16734427 51.26470327 37.09175599 54.12464833
 45.92480573 29.08960018 33.17981425 47.75447482 51.85174543 54.19720843
 50.77144474 51.15133548 28.75471531 49.58828917 50.88521987 45.77685612
 62.73239017 50.65035948 56.19631022 53.968528   58.54297727 58.85750422
 59.59447676 51.69591263 35.16762938 68.77062303 39.43628052 52.67826647
 53.30535355 49.12295726 53.37088907 48.4428024  54.0658938  49.65877664
 51.19701925 47.85128152 50.85067201 57.35491568 71.82601652 54.41327137
 50.86833531 45.32038382]