[66.88976312 69.79704726 75.86394954 68.74409014 36.68736605 61.24847928
 78.39294034 53.82570606 76.90242618 68.70371774 37.9178018  74.51062846
 69.16443515 61.50667176 64.61880505 58.03691155 54.44619587 78.52582443
 40.0549373  71.02839452 32.86191978 77.8520512  86.25033736 52.69201612
 70.70071694 71.70782256 65.05892792 64.84050682 63.32323015 61.7795364
 61.57395044 66.42057747 52.94763279 64.269265   61.40125903 62.91138133
 77.8145681  66.19317296 63.64348978 60.57847792 59.02065313 55.08280748
 66.50708091 61.1770753  75.42243493 68.73142472 64.37442812 61.95629719
 44.5897989  79.73143351 81.27388728 29.19798307 82.75279629 58.58323386
 38.36310825 57.21320993 41.29079524 81.65533149 60.62240455 52.54948971
 78.73365873 56.72516891 57.59004763 57.63864666 58.30261183 60.8023262
 58.72200438 61.1763365  71.70033872 55.81670302 72.49718797 83.31560183
 68.33743089 58.04792565 69.77668235 64.30806395 65.00520322 65.84430781
 79.5817607  80.79442632 77.27061993 92.65889251 71.60580033 65.93676558
 60.98723575 64.03938651 60.28637853 58.91049013 70.80294484 48.03471947
 36.22416368 38.98441872 68.71750733 52.61066031 37.77951449 57.35973585
 47.95308411 19.49041627 35.15663724 50.1912834  52.47807175 56.58192965
 53.47056311 53.87563494 37.33486298 51.74881867 54.4032816  47.64744473
 66.28495184 53.57075232 57.49346456 55.38942128 57.65161958 56.29158542
 57.7335225  48.57938448 34.28452627 65.84571952 42.60816473 52.55978897
 55.59346575 49.58885825 53.19493696 46.77932328 56.51435146 51.60082114
 50.73313698 48.23861417 49.63911659 56.82287216 66.5503526  56.76420748
 48.4514823  43.85416019]