[63.99059778 63.84770396 72.00933665 63.38233411 36.11433813 49.32353935
 80.30910689 40.21362346 75.79113984 62.12798423 37.31762299 73.61886343
 65.01885703 61.70381543 59.65581709 53.78925729 53.04441154 86.34056276
 35.86841871 71.15596724 30.3228194  64.23020446 89.29693115 52.26055318
 62.85937384 69.40005031 59.03588438 58.20824915 60.31793326 49.03441313
 57.1681152  60.09427866 50.60200605 61.65289217 52.89483458 53.43148062
 76.98323888 38.95865458 57.87731886 51.06808674 45.52469984 44.85175326
 55.89459845 59.65731266 73.22818622 61.50665778 53.14666739 67.13880646
 33.60180059 64.17310724 80.7547428  29.23627385 75.38285923 55.7228615
 33.1033425  47.15970722 34.4499395  77.55511567 55.69237903 45.87828931
 74.5457474  54.43345657 59.24242279 53.24012953 54.49176782 55.05766633
 52.97734851 55.23971254 62.16861221 52.21288663 63.83249867 85.04133379
 58.16651496 48.47889775 62.25319877 52.82166946 52.46600935 55.08026361
 82.76978469 78.17545772 79.26394111 38.814383   75.44969463 69.44085002
 59.28078246 53.55497196 50.09575462 48.98272711 55.7316592  37.45274743
 34.30332473 38.22754452 61.3786937  50.29520854 36.62568727 52.54716548
 47.05117956 31.08247209 38.3370446  48.44001693 50.93724135 52.05230755
 50.87278408 50.96138811 29.23756476 49.78581023 50.85587156 45.85753304
 62.66657111 50.28234544 55.11883694 53.98398888 57.08736041 56.77102441
 59.06502503 49.4445048  34.8944173  67.06568328 39.7334317  52.78260294
 51.0535264  49.03298545 52.82813096 48.56075075 54.1707015  50.0813081
 51.31267533 47.86347172 52.45853749 54.76070485 71.98954281 54.7435587
 48.95182332 45.15224701]